0.000000	110.000000	Psalm 111
110.000000	156.000000	Opening Prayer
156.000000	460.164776	Sermon 1
460.164776	754.115439	Sermon 2
754.115439	1061.933333	Sermon 3
1061.933333	1125.800000	Thanks 1
1125.800000	1286.946667	Thanks 2
1286.946667	1398.880000	Thanks 3
1398.880000	1562.133333	Thanks 4
1562.133333	1618.093333	Thanks 5
1618.093333	1662.466667	Thanks 6
1662.466667	1743.026667	Thanks 7
1743.026667	1788.453333	Thanks 8
1788.453333	1901.520000	Thanks 9
1901.520000	1921.506667	Thanks 10
1921.506667	1990.576792	Thanks 11
1990.573333	2021.986667	Thanks 12
2021.986667	2060.333333	Thanks 13
2060.333333	2139.453333	Thanks 14
2139.453333	2245.040000	Thanks 15
2245.040000	2341.546667	Thanks 16
2341.546667	2480.726471	Thanks 17
2480.726471	2512.706667	Benediction
